at start:             "5" "11" "2" "13" "4" "26" "27" "1" "3" "9" "6" "15" "0" "17" "30" "8" "12" "14" "28" "21" "20" "19" "18" "10" "55" 
TmpOfDeq:            "55"

dept;      	      0
first mainPairs:      [5 , 11 ] [2 , 13 ] [4 , 26 ] [1 , 27 ] [3 , 9 ] [6 , 15 ] [0 , 17 ] [8 , 30 ] [12 , 14 ] [21 , 28 ] [19 , 20 ] [10 , 18 ] 
second mainPairs:     [5 , 11 ] [2 , 13 ] [4 , 26 ] [1 , 27 ] [3 , 9 ] [6 , 15 ] [0 , 17 ] [8 , 30 ] [12 , 14 ] [21 , 28 ] [19 , 20 ] [10 , 18 ] 
final:                [5 11 , 2 13 ] [4 26 , 1 27 ] [3 9 , 6 15 ] [0 17 , 8 30 ] [12 14 , 21 28 ] [19 20 , 10 18 ] 

dept;      	      1
first mainPairs:      [5 11 , 2 13 ] [4 26 , 1 27 ] [3 9 , 6 15 ] [0 17 , 8 30 ] [12 14 , 21 28 ] [10 18 , 19 20 ] 
second mainPairs:     [5 11 , 2 13 ] [4 26 , 1 27 ] [3 9 , 6 15 ] [0 17 , 8 30 ] [12 14 , 21 28 ] [10 18 , 19 20 ] 
final:                [5 11 2 13 , 4 26 1 27 ] [3 9 6 15 , 0 17 8 30 ] [12 14 21 28 , 10 18 19 20 ] 

dept;      	      2
first mainPairs:      [5 11 2 13 , 4 26 1 27 ] [3 9 6 15 , 0 17 8 30 ] [10 18 19 20 , 12 14 21 28 ] 
rest		      [10 18 19 20 , 12 14 21 28 ] 
second mainPairs:     [5 11 2 13 , 4 26 1 27 ] [3 9 6 15 , 0 17 8 30 ] 
final:                [5 11 2 13 4 26 1 27 , 3 9 6 15 0 17 8 30 ] 

dept;      	      3
first mainPairs:      [5 11 2 13 4 26 1 27 , 3 9 6 15 0 17 8 30 ] 
second mainPairs:     [5 11 2 13 4 26 1 27 , 3 9 6 15 0 17 8 30 ] 

back to 2, rest		      [10 18 19 20 , 12 14 21 28 ] 
after spliting        [5 11 2 13 , 4 26 1 27 ] [3 9 6 15 , 0 17 8 30 ] 

back to 1, .   tmp is   empty
after spliting        [5 11 , 2 13 ] [4 26 , 1 27 ] [3 9 , 6 15 ] [0 17 , 8 30 ] 

back to 0, .   tmp is   empty
after spliting        [5 , 11 ] [2 , 13 ] [4 , 26 ] [1 , 27 ] [3 , 9 ] [6 , 15 ] [0 , 17 ] [8 , 30 ] 
SORTED NBRS           [5 11 2 13 4 26 1 27 3 9 6 15 0 17 8 30 ] 
